 1.00000E-02 6.79007E-02 9.26102E-02 1.24134E-01 1.28148E-01
 2.00000E-02 6.83502E-02 9.38377E-02 1.24699E-01 1.28718E-01
 3.00000E-02 6.90972E-02 9.46446E-02 1.25639E-01 1.29667E-01
 4.00000E-02 7.01386E-02 9.59226E-02 1.26952E-01 1.30992E-01
 5.00000E-02 7.14695E-02 9.74475E-02 1.28634E-01 1.32688E-01
 6.00000E-02 7.30834E-02 9.93628E-02 1.30678E-01 1.34750E-01
 7.00000E-02 7.49755E-02 1.01568E-01 1.33076E-01 1.37170E-01
 8.00000E-02 7.71324E-02 1.04100E-01 1.35821E-01 1.39939E-01
 9.00000E-02 7.95424E-02 1.06935E-01 1.38910E-01 1.43047E-01
 1.00000E-01 8.21936E-02 1.10052E-01 1.42337E-01 1.46479E-01
 1.10000E-01 8.50728E-02 1.13456E-01 1.46068E-01 1.50228E-01
 1.20000E-01 8.81655E-02 1.17116E-01 1.50100E-01 1.54291E-01
 1.30000E-01 9.14568E-02 1.21016E-01 1.54418E-01 1.58631E-01
 1.40000E-01 9.49345E-02 1.25151E-01 1.58994E-01 1.63246E-01
 1.50000E-01 9.85850E-02 1.29490E-01 1.63826E-01 1.68109E-01
 1.60000E-01 1.02388E-01 1.34026E-01 1.68877E-01 1.73203E-01
 1.70000E-01 1.06339E-01 1.38734E-01 1.74145E-01 1.78513E-01
 1.80000E-01 1.10417E-01 1.43608E-01 1.79598E-01 1.84012E-01
 1.90000E-01 1.14612E-01 1.48625E-01 1.85224E-01 1.89693E-01
 2.00000E-01 1.18912E-01 1.53770E-01 1.91006E-01 1.95526E-01
 2.10000E-01 1.23307E-01 1.59031E-01 1.96923E-01 2.01498E-01
 2.20000E-01 1.27785E-01 1.64396E-01 2.02959E-01 2.07597E-01
 2.30000E-01 1.32336E-01 1.69850E-01 2.09102E-01 2.13801E-01
 2.40000E-01 1.36953E-01 1.75383E-01 2.15336E-01 2.20095E-01
 2.50000E-01 1.41624E-01 1.80982E-01 2.21646E-01 2.26468E-01
 2.60000E-01 1.46345E-01 1.86640E-01 2.28019E-01 2.32906E-01
 2.70000E-01 1.51106E-01 1.92346E-01 2.34445E-01 2.39396E-01
 2.80000E-01 1.55901E-01 1.98092E-01 2.40913E-01 2.45928E-01
 2.90000E-01 1.60723E-01 2.03869E-01 2.47414E-01 2.52491E-01
 3.00000E-01 1.65568E-01 2.09673E-01 2.53937E-01 2.59076E-01
 3.10000E-01 1.70429E-01 2.15494E-01 2.60473E-01 2.65674E-01
 3.20000E-01 1.75301E-01 2.21326E-01 2.67016E-01 2.72277E-01
 3.30000E-01 1.80180E-01 2.27165E-01 2.73558E-01 2.78879E-01
 3.40000E-01 1.85062E-01 2.33007E-01 2.80094E-01 2.85474E-01
 3.50000E-01 1.89943E-01 2.38846E-01 2.86619E-01 2.92055E-01
 3.60000E-01 1.94818E-01 2.44676E-01 2.93126E-01 2.98617E-01
 3.70000E-01 1.99685E-01 2.50495E-01 2.99612E-01 3.05154E-01
 3.80000E-01 2.04541E-01 2.56298E-01 3.06071E-01 3.11663E-01
 3.90000E-01 2.09382E-01 2.62086E-01 3.12500E-01 3.18139E-01
 4.00000E-01 2.14207E-01 2.67850E-01 3.18895E-01 3.24580E-01
 4.10000E-01 2.19010E-01 2.73592E-01 3.25254E-01 3.30980E-01
 4.20000E-01 2.23793E-01 2.79308E-01 3.31574E-01 3.37340E-01
 4.30000E-01 2.28552E-01 2.84994E-01 3.37852E-01 3.43657E-01
 4.40000E-01 2.33285E-01 2.90650E-01 3.45404E-01 3.52346E-01
 4.50000E-01 2.37989E-01 2.96274E-01 3.54744E-01 3.61874E-01
 4.60000E-01 2.42663E-01 3.01863E-01 3.63989E-01 3.71306E-01
 4.70000E-01 2.47307E-01 3.08377E-01 3.73136E-01 3.80636E-01
 4.80000E-01 2.51917E-01 3.15853E-01 3.82182E-01 3.89863E-01
 4.90000E-01 2.56494E-01 3.23242E-01 3.91122E-01 3.98984E-01
 5.00000E-01 2.61169E-01 3.30542E-01 3.99956E-01 4.07996E-01
 5.10000E-01 2.66867E-01 3.37753E-01 4.08681E-01 4.16896E-01
 5.20000E-01 2.72492E-01 3.44872E-01 4.17295E-01 4.25683E-01
 5.30000E-01 2.78043E-01 3.51898E-01 4.25797E-01 4.34355E-01
 5.40000E-01 2.83520E-01 3.58830E-01 4.34184E-01 4.42911E-01
 5.50000E-01 2.88922E-01 3.65666E-01 4.42456E-01 4.51350E-01
 5.60000E-01 2.94248E-01 3.72407E-01 4.50613E-01 4.59670E-01
 5.70000E-01 2.99498E-01 3.79052E-01 4.58653E-01 4.67872E-01
 5.80000E-01 3.04672E-01 3.85600E-01 4.66576E-01 4.75954E-01
 5.90000E-01 3.09769E-01 3.92051E-01 4.74382E-01 4.83917E-01
 6.00000E-01 3.14789E-01 3.98405E-01 4.82070E-01 4.91760E-01
 6.10000E-01 3.19733E-01 4.04662E-01 4.89641E-01 4.99483E-01
 6.20000E-01 3.24601E-01 4.10823E-01 4.97096E-01 5.07087E-01
 6.30000E-01 3.29392E-01 4.16887E-01 5.04433E-01 5.14572E-01
 6.40000E-01 3.34107E-01 4.22855E-01 5.11654E-01 5.21939E-01
 6.50000E-01 3.38747E-01 4.28727E-01 5.18760E-01 5.29187E-01
 6.60000E-01 3.43312E-01 4.34505E-01 5.25751E-01 5.36318E-01
 6.70000E-01 3.47803E-01 4.40188E-01 5.32627E-01 5.43333E-01
 6.80000E-01 3.52219E-01 4.45778E-01 5.39391E-01 5.50233E-01
 6.90000E-01 3.56562E-01 4.51274E-01 5.46042E-01 5.57017E-01
 7.00000E-01 3.60833E-01 4.56679E-01 5.52582E-01 5.63689E-01
 7.10000E-01 3.65032E-01 4.61993E-01 5.59012E-01 5.70248E-01
 7.20000E-01 3.69159E-01 4.67217E-01 5.65333E-01 5.76696E-01
 7.30000E-01 3.73217E-01 4.72352E-01 5.71546E-01 5.83034E-01
 7.40000E-01 3.77204E-01 4.77399E-01 5.77653E-01 5.89264E-01
 7.50000E-01 3.81123E-01 4.82359E-01 5.83655E-01 5.95386E-01
 7.60000E-01 3.84975E-01 4.87234E-01 5.89553E-01 6.01403E-01
 7.70000E-01 3.88759E-01 4.92023E-01 5.95348E-01 6.07315E-01
 7.80000E-01 3.92478E-01 4.96729E-01 6.01043E-01 6.13124E-01
 7.90000E-01 3.96131E-01 5.01353E-01 6.06637E-01 6.18831E-01
 8.00000E-01 3.99720E-01 5.05896E-01 6.12134E-01 6.24438E-01
 8.10000E-01 4.03247E-01 5.10359E-01 6.17534E-01 6.29947E-01
 8.20000E-01 4.06711E-01 5.14743E-01 6.22839E-01 6.35358E-01
 8.30000E-01 4.10113E-01 5.19050E-01 6.28050E-01 6.40674E-01
 8.40000E-01 4.13456E-01 5.23280E-01 6.33169E-01 6.45896E-01
 8.50000E-01 4.16739E-01 5.27436E-01 6.38197E-01 6.51025E-01
 8.60000E-01 4.19964E-01 5.31518E-01 6.43136E-01 6.56063E-01
 8.70000E-01 4.23132E-01 5.35527E-01 6.47987E-01 6.61012E-01
 8.80000E-01 4.26243E-01 5.39464E-01 6.52752E-01 6.65872E-01
 8.90000E-01 4.29299E-01 5.43332E-01 6.57432E-01 6.70646E-01
 9.00000E-01 4.32301E-01 5.47131E-01 6.62028E-01 6.75335E-01
 9.10000E-01 4.35249E-01 5.50862E-01 6.66543E-01 6.79940E-01
 9.20000E-01 4.38144E-01 5.54527E-01 6.70977E-01 6.84464E-01
 9.30000E-01 4.40988E-01 5.58126E-01 6.75332E-01 6.88906E-01
 9.40000E-01 4.43781E-01 5.61661E-01 6.79610E-01 6.93270E-01
 9.50000E-01 4.46525E-01 5.65133E-01 6.83811E-01 6.97556E-01
 9.60000E-01 4.49220E-01 5.68544E-01 6.87938E-01 7.01765E-01
 9.70000E-01 4.51866E-01 5.71893E-01 6.91991E-01 7.05900E-01
 9.80000E-01 4.54466E-01 5.75183E-01 6.95972E-01 7.09961E-01
 9.90000E-01 4.57019E-01 5.78415E-01 6.99882E-01 7.13950E-01
 1.00000E+00 4.59528E-01 5.81589E-01 7.03723E-01 7.17868E-01
 1.01158E+00 4.62376E-01 5.85195E-01 7.08086E-01 7.22319E-01
 1.02329E+00 4.65199E-01 5.88767E-01 7.12409E-01 7.26728E-01
 1.03514E+00 4.67995E-01 5.92306E-01 7.16690E-01 7.31096E-01
 1.04713E+00 4.70764E-01 5.95810E-01 7.20931E-01 7.35421E-01
 1.05925E+00 4.73506E-01 5.99280E-01 7.25129E-01 7.39704E-01
 1.07152E+00 4.76220E-01 6.02716E-01 7.29286E-01 7.43945E-01
 1.08393E+00 4.78906E-01 6.06116E-01 7.33400E-01 7.48141E-01
 1.09648E+00 4.81565E-01 6.09480E-01 7.37471E-01 7.52294E-01
 1.10917E+00 4.84195E-01 6.12809E-01 7.41499E-01 7.56403E-01
 1.12202E+00 4.86797E-01 6.16102E-01 7.45484E-01 7.60468E-01
 1.13501E+00 4.89370E-01 6.19359E-01 7.49424E-01 7.64488E-01
 1.14815E+00 4.91914E-01 6.22579E-01 7.53321E-01 7.68462E-01
 1.16145E+00 4.94430E-01 6.25763E-01 7.57173E-01 7.72392E-01
 1.17490E+00 4.96916E-01 6.28909E-01 7.60980E-01 7.76276E-01
 1.18850E+00 4.99373E-01 6.32019E-01 7.64743E-01 7.80115E-01
 1.20226E+00 5.01801E-01 6.35092E-01 7.68461E-01 7.83907E-01
 1.21619E+00 5.04200E-01 6.38128E-01 7.72135E-01 7.87654E-01
 1.23027E+00 5.06569E-01 6.41126E-01 7.75763E-01 7.91355E-01
 1.24451E+00 5.08908E-01 6.44087E-01 7.79345E-01 7.95010E-01
 1.25893E+00 5.11218E-01 6.47011E-01 7.82883E-01 7.98619E-01
 1.27350E+00 5.13499E-01 6.49897E-01 7.86375E-01 8.02181E-01
 1.28825E+00 5.15750E-01 6.52746E-01 7.89822E-01 8.05698E-01
 1.30317E+00 5.17971E-01 6.55557E-01 7.93224E-01 8.09168E-01
 1.31826E+00 5.20163E-01 6.58331E-01 7.96581E-01 8.12592E-01
 1.33352E+00 5.22325E-01 6.61068E-01 7.99892E-01 8.15970E-01
 1.34896E+00 5.24458E-01 6.63767E-01 8.03158E-01 8.19302E-01
 1.36458E+00 5.26562E-01 6.66429E-01 8.06380E-01 8.22588E-01
 1.38038E+00 5.28636E-01 6.69055E-01 8.09556E-01 8.25828E-01
 1.39637E+00 5.30681E-01 6.71643E-01 8.12688E-01 8.29023E-01
 1.41254E+00 5.32696E-01 6.74194E-01 8.15775E-01 8.32172E-01
 1.42889E+00 5.34683E-01 6.76708E-01 8.18817E-01 8.35275E-01
 1.44544E+00 5.36641E-01 6.79186E-01 8.21816E-01 8.38334E-01
 1.46218E+00 5.38570E-01 6.81628E-01 8.24770E-01 8.41348E-01
 1.47911E+00 5.40471E-01 6.84033E-01 8.27680E-01 8.44317E-01
 1.49624E+00 5.42343E-01 6.86403E-01 8.30547E-01 8.47241E-01
 1.51356E+00 5.44186E-01 6.88736E-01 8.33371E-01 8.50121E-01
 1.53109E+00 5.46002E-01 6.91034E-01 8.36151E-01 8.52958E-01
 1.54882E+00 5.47790E-01 6.93296E-01 8.38889E-01 8.55750E-01
 1.56675E+00 5.49550E-01 6.95524E-01 8.41584E-01 8.58499E-01
 1.58489E+00 5.51282E-01 6.97716E-01 8.44236E-01 8.61206E-01
 1.60325E+00 5.52987E-01 6.99874E-01 8.46847E-01 8.63869E-01
 1.62181E+00 5.54665E-01 7.01997E-01 8.49417E-01 8.66490E-01
 1.64059E+00 5.56315E-01 7.04087E-01 8.51945E-01 8.69069E-01
 1.65959E+00 5.57939E-01 7.06142E-01 8.54432E-01 8.71606E-01
 1.67880E+00 5.59537E-01 7.08164E-01 8.56879E-01 8.74102E-01
 1.69824E+00 5.61108E-01 7.10153E-01 8.59285E-01 8.76557E-01
 1.71791E+00 5.62654E-01 7.12109E-01 8.61652E-01 8.78971E-01
 1.73780E+00 5.64174E-01 7.14032E-01 8.63979E-01 8.81345E-01
 1.75792E+00 5.65668E-01 7.15923E-01 8.66267E-01 8.83679E-01
 1.77828E+00 5.67137E-01 7.17782E-01 8.68517E-01 8.85974E-01
 1.79887E+00 5.68581E-01 7.19610E-01 8.70728E-01 8.88229E-01
 1.81970E+00 5.70000E-01 7.21406E-01 8.72901E-01 8.90447E-01
 1.84077E+00 5.71395E-01 7.23171E-01 8.75037E-01 8.92625E-01
 1.86209E+00 5.72765E-01 7.24906E-01 8.77136E-01 8.94767E-01
 1.88365E+00 5.74112E-01 7.26610E-01 8.79198E-01 8.96870E-01
 1.90546E+00 5.75435E-01 7.28285E-01 8.81225E-01 8.98937E-01
 1.92752E+00 5.76735E-01 7.29930E-01 8.83215E-01 9.00968E-01
 1.94984E+00 5.78011E-01 7.31546E-01 8.85170E-01 9.02962E-01
 1.97242E+00 5.79265E-01 7.33133E-01 8.87090E-01 9.04921E-01
 1.99526E+00 5.80497E-01 7.34691E-01 8.88976E-01 9.06845E-01
 2.01837E+00 5.81706E-01 7.36222E-01 8.90828E-01 9.08734E-01
 2.04174E+00 5.82893E-01 7.37724E-01 8.92646E-01 9.10589E-01
 2.06538E+00 5.84059E-01 7.39200E-01 8.94432E-01 9.12410E-01
 2.08930E+00 5.85203E-01 7.40648E-01 8.96184E-01 9.14197E-01
 2.11349E+00 5.86327E-01 7.42070E-01 8.97904E-01 9.15952E-01
 2.13796E+00 5.87429E-01 7.43465E-01 8.99593E-01 9.17675E-01
 2.16272E+00 5.88511E-01 7.44835E-01 9.01250E-01 9.19365E-01
 2.18776E+00 5.89573E-01 7.46179E-01 9.02876E-01 9.21024E-01
 2.21309E+00 5.90615E-01 7.47497E-01 9.04472E-01 9.22652E-01
 2.23872E+00 5.91638E-01 7.48791E-01 9.06038E-01 9.24249E-01
 2.26464E+00 5.92641E-01 7.50061E-01 9.07574E-01 9.25816E-01
 2.29087E+00 5.93625E-01 7.51307E-01 9.09081E-01 9.27354E-01
 2.31739E+00 5.94590E-01 7.52528E-01 9.10559E-01 9.28862E-01
 2.34423E+00 5.95537E-01 7.53727E-01 9.12010E-01 9.30341E-01
 2.37137E+00 5.96466E-01 7.54902E-01 9.13432E-01 9.31792E-01
 2.39883E+00 5.97377E-01 7.56055E-01 9.14827E-01 9.33215E-01
 2.42661E+00 5.98270E-01 7.57186E-01 9.16195E-01 9.34610E-01
 2.45471E+00 5.99146E-01 7.58294E-01 9.17536E-01 9.35979E-01
 2.48313E+00 6.00005E-01 7.59381E-01 9.18851E-01 9.37320E-01
 2.51189E+00 6.00847E-01 7.60447E-01 9.20141E-01 9.38636E-01
 2.54097E+00 6.01673E-01 7.61492E-01 9.21406E-01 9.39926E-01
 2.57040E+00 6.02482E-01 7.62517E-01 9.22645E-01 9.41190E-01
 2.60016E+00 6.03276E-01 7.63521E-01 9.23860E-01 9.42430E-01
 2.63027E+00 6.04053E-01 7.64505E-01 9.25051E-01 9.43645E-01
 2.66073E+00 6.04816E-01 7.65470E-01 9.26219E-01 9.44836E-01
 2.69153E+00 6.05563E-01 7.66416E-01 9.27363E-01 9.46003E-01
 2.72270E+00 6.06295E-01 7.67342E-01 9.28484E-01 9.47147E-01
 2.75423E+00 6.07013E-01 7.68251E-01 9.29583E-01 9.48268E-01
 2.78612E+00 6.07716E-01 7.69140E-01 9.30660E-01 9.49366E-01
 2.81838E+00 6.08405E-01 7.70013E-01 9.31715E-01 9.50443E-01
 2.85102E+00 6.09080E-01 7.70867E-01 9.32749E-01 9.51497E-01
 2.88403E+00 6.09742E-01 7.71704E-01 9.33762E-01 9.52531E-01
 2.91743E+00 6.10390E-01 7.72525E-01 9.34755E-01 9.53543E-01
 2.95121E+00 6.11025E-01 7.73328E-01 9.35727E-01 9.54535E-01
 2.98538E+00 6.11647E-01 7.74115E-01 9.36679E-01 9.55507E-01
 3.01995E+00 6.12256E-01 7.74886E-01 9.37613E-01 9.56459E-01
 3.05492E+00 6.12853E-01 7.75642E-01 9.38527E-01 9.57391E-01
 3.09030E+00 6.13437E-01 7.76382E-01 9.39422E-01 9.58304E-01
 3.12608E+00 6.14010E-01 7.77106E-01 9.40299E-01 9.59199E-01
 3.16228E+00 6.14571E-01 7.77816E-01 9.41157E-01 9.60075E-01
 3.19890E+00 6.15120E-01 7.78511E-01 9.41998E-01 9.60933E-01
 3.23594E+00 6.15658E-01 7.79192E-01 9.42822E-01 9.61773E-01
 3.27341E+00 6.16184E-01 7.79858E-01 9.43629E-01 9.62596E-01
 3.31131E+00 6.16700E-01 7.80511E-01 9.44418E-01 9.63401E-01
 3.34965E+00 6.17205E-01 7.81150E-01 9.45192E-01 9.64190E-01
 3.38844E+00 6.17700E-01 7.81776E-01 9.45949E-01 9.64963E-01
 3.42768E+00 6.18184E-01 7.82389E-01 9.46691E-01 9.65719E-01
 3.46737E+00 6.18658E-01 7.82989E-01 9.47417E-01 9.66460E-01
 3.50752E+00 6.19122E-01 7.83576E-01 9.48127E-01 9.67185E-01
 3.54813E+00 6.19576E-01 7.84151E-01 9.48823E-01 9.67895E-01
 3.58922E+00 6.20021E-01 7.84714E-01 9.49504E-01 9.68590E-01
 3.63078E+00 6.20457E-01 7.85266E-01 9.50171E-01 9.69270E-01
 3.67282E+00 6.20883E-01 7.85805E-01 9.50824E-01 9.82023E-01
 3.71535E+00 6.21300E-01 7.86333E-01 9.51463E-01 9.95871E-01
 3.75837E+00 6.21709E-01 7.86850E-01 9.52089E-01 1.00993E+00
 3.80189E+00 6.22109E-01 7.87356E-01 9.52701E-01 1.02413E+00
 3.84592E+00 6.22500E-01 7.87852E-01 9.53300E-01 1.03842E+00
 3.89045E+00 6.22883E-01 7.88336E-01 9.53887E-01 1.05292E+00
 3.93550E+00 6.23258E-01 7.88811E-01 9.54461E-01 1.06756E+00
 3.98107E+00 6.23625E-01 7.89275E-01 9.55023E-01 1.08229E+00
 4.02717E+00 6.23984E-01 7.89730E-01 9.55573E-01 1.09723E+00
 4.07380E+00 6.24335E-01 7.90174E-01 9.56111E-01 1.11231E+00
 4.12098E+00 6.24679E-01 7.90610E-01 9.56638E-01 1.12748E+00
 4.16869E+00 6.25016E-01 7.91036E-01 9.57153E-01 1.14286E+00
 4.21697E+00 6.25345E-01 7.91453E-01 9.57658E-01 1.15838E+00
 4.26580E+00 6.25668E-01 7.91860E-01 9.58151E-01 1.17398E+00
 4.31519E+00 6.25983E-01 7.92260E-01 9.58634E-01 1.18979E+00
 4.36516E+00 6.26291E-01 7.92650E-01 9.59107E-01 1.20573E+00
 4.41570E+00 6.26593E-01 7.93032E-01 9.59569E-01 1.22176E+00
 4.46684E+00 6.26889E-01 7.93406E-01 9.60022E-01 1.23800E+00
 4.51856E+00 6.27178E-01 7.93772E-01 9.60464E-01 1.25436E+00
 4.57088E+00 6.27461E-01 7.94130E-01 9.60897E-01 1.27080E+00
 4.62381E+00 6.27738E-01 7.94480E-01 9.61321E-01 1.28746E+00
 4.67735E+00 6.28008E-01 7.94823E-01 9.61736E-01 1.30423E+00
 4.73151E+00 6.28273E-01 7.95158E-01 9.62142E-01 1.32106E+00
 4.78630E+00 6.28532E-01 7.95486E-01 9.62538E-01 1.33814E+00
 4.84172E+00 6.28786E-01 7.95807E-01 9.62927E-01 1.35530E+00
 4.89779E+00 6.29034E-01 7.96121E-01 9.63307E-01 1.37253E+00
 4.95450E+00 6.29277E-01 7.96428E-01 9.63678E-01 1.39000E+00
 5.01187E+00 6.29514E-01 7.96729E-01 9.64042E-01 1.40752E+00
 5.06991E+00 6.29746E-01 7.97023E-01 9.64397E-01 1.42515E+00
 5.12861E+00 6.29974E-01 7.97310E-01 9.64745E-01 1.44298E+00
 5.18800E+00 6.30196E-01 7.97591E-01 9.65086E-01 1.46086E+00
 5.24807E+00 6.30413E-01 7.97867E-01 9.65419E-01 1.47886E+00
 5.30884E+00 6.30626E-01 7.98136E-01 9.65744E-01 1.49704E+00
 5.37032E+00 6.30834E-01 7.98399E-01 9.66063E-01 1.51525E+00
 5.43250E+00 6.31037E-01 7.98657E-01 9.66374E-01 1.53361E+00
 5.49541E+00 6.31236E-01 7.98908E-01 9.66679E-01 1.55210E+00
 5.55904E+00 6.31431E-01 7.99155E-01 9.66977E-01 1.57062E+00
 5.62341E+00 6.31621E-01 7.99396E-01 9.67269E-01 1.58933E+00
 5.68853E+00 6.31808E-01 7.99632E-01 9.67554E-01 1.60811E+00
 5.75440E+00 6.31990E-01 7.99862E-01 9.67833E-01 1.62691E+00
 5.82103E+00 6.32168E-01 8.00088E-01 9.68106E-01 1.64594E+00
 5.88844E+00 6.32342E-01 8.00308E-01 9.68373E-01 1.66498E+00
 5.95662E+00 6.32513E-01 8.00524E-01 9.68634E-01 1.68408E+00
 6.02560E+00 6.32679E-01 8.00735E-01 9.68889E-01 1.70336E+00
 6.09537E+00 6.32842E-01 8.00941E-01 9.69139E-01 1.72263E+00
 6.16595E+00 6.33002E-01 8.01143E-01 9.69383E-01 1.74200E+00
 6.23735E+00 6.33158E-01 8.01340E-01 9.69622E-01 1.76150E+00
 6.30957E+00 6.33310E-01 8.01533E-01 9.69855E-01 1.78097E+00
 6.38263E+00 6.33459E-01 8.01722E-01 9.70084E-01 1.80059E+00
 6.45654E+00 6.33605E-01 8.01907E-01 9.70307E-01 1.82026E+00
 6.53131E+00 6.33748E-01 8.02087E-01 9.70526E-01 1.83989E+00
 6.60693E+00 6.33887E-01 8.02264E-01 9.70739E-01 1.85973E+00
 6.68344E+00 6.34024E-01 8.02436E-01 9.70948E-01 1.87953E+00
 6.76083E+00 6.34157E-01 8.02605E-01 9.71152E-01 1.89935E+00
 6.83912E+00 6.34288E-01 8.02770E-01 9.71352E-01 1.91931E+00
 6.91831E+00 6.34415E-01 8.02932E-01 9.71548E-01 1.93922E+00
 6.99842E+00 6.34540E-01 8.03090E-01 9.71739E-01 1.95919E+00
 7.07946E+00 6.34662E-01 8.03244E-01 9.71926E-01 1.97923E+00
 7.16143E+00 6.34781E-01 8.03395E-01 9.72108E-01 1.99919E+00
 7.24436E+00 6.34898E-01 8.03543E-01 9.72287E-01 2.01929E+00
 7.32825E+00 6.35012E-01 8.03687E-01 9.72462E-01 2.03935E+00
 7.41310E+00 6.35124E-01 8.03829E-01 9.72633E-01 2.05935E+00
 7.49894E+00 6.35233E-01 8.03967E-01 9.72800E-01 2.07950E+00
 7.58578E+00 6.35340E-01 8.04102E-01 9.72963E-01 2.09955E+00
 7.67361E+00 6.35444E-01 8.04234E-01 9.73123E-01 2.11959E+00
 7.76247E+00 6.35546E-01 8.04363E-01 9.73279E-01 2.13970E+00
 7.85236E+00 6.35646E-01 8.04489E-01 9.73432E-01 2.15968E+00
 7.94328E+00 6.35743E-01 8.04612E-01 9.73581E-01 2.17974E+00
 8.03526E+00 6.35839E-01 8.04733E-01 9.73727E-01 2.19975E+00
 8.12831E+00 6.35932E-01 8.04851E-01 9.73870E-01 2.21961E+00
 8.22243E+00 6.36023E-01 8.04967E-01 9.74010E-01 2.23963E+00
 8.31764E+00 6.36112E-01 8.05079E-01 9.74146E-01 2.25949E+00
 8.41395E+00 6.36199E-01 8.05190E-01 9.74280E-01 2.27928E+00
 8.51138E+00 6.36285E-01 8.05298E-01 9.74410E-01 2.29912E+00
 8.60994E+00 6.36368E-01 8.05403E-01 9.74538E-01 2.31877E+00
 8.70964E+00 6.36449E-01 8.05506E-01 9.74662E-01 2.33844E+00
 8.81049E+00 6.36529E-01 8.05607E-01 9.74784E-01 2.35805E+00
 8.91251E+00 6.36607E-01 8.05706E-01 9.74904E-01 2.37745E+00
 9.01571E+00 6.36683E-01 8.05802E-01 9.75020E-01 2.39695E+00
 9.12011E+00 6.36758E-01 8.05896E-01 9.75134E-01 2.41626E+00
 9.22571E+00 6.36830E-01 8.05988E-01 9.75246E-01 2.43543E+00
 9.33254E+00 6.36901E-01 8.06078E-01 9.75355E-01 2.45462E+00
 9.44061E+00 6.36971E-01 8.06167E-01 9.75462E-01 2.47358E+00
 9.54993E+00 6.37039E-01 8.06253E-01 9.75566E-01 2.49249E+00
 9.66051E+00 6.37106E-01 8.06337E-01 9.75668E-01 2.51130E+00
 9.77237E+00 6.37171E-01 8.06419E-01 9.75767E-01 2.52985E+00
 9.88553E+00 6.37234E-01 8.06500E-01 9.75865E-01 2.54844E+00
 1.00000E+01 6.37296E-01 8.06578E-01 9.75960E-01 2.56681E+00
 1.01158E+01 6.37357E-01 8.06655E-01 9.76053E-01 2.58496E+00
 1.02329E+01 6.37417E-01 8.06730E-01 9.76144E-01 2.60311E+00
 1.03514E+01 6.37475E-01 8.06804E-01 9.76233E-01 2.62098E+00
 1.04713E+01 6.37532E-01 8.06876E-01 9.76320E-01 2.63871E+00
 1.05925E+01 6.37587E-01 8.06946E-01 9.76405E-01 2.65633E+00
 1.07152E+01 6.37641E-01 8.07015E-01 9.76488E-01 2.67364E+00
 1.08393E+01 6.37694E-01 8.07082E-01 9.76569E-01 2.69089E+00
 1.09648E+01 6.37746E-01 8.07148E-01 9.76649E-01 2.70792E+00
 1.10917E+01 6.37797E-01 8.07212E-01 9.76726E-01 2.72462E+00
 1.12202E+01 6.37847E-01 8.07275E-01 9.76802E-01 2.74133E+00
 1.13501E+01 6.37895E-01 8.07336E-01 9.76877E-01 2.75770E+00
 1.14815E+01 6.37943E-01 8.07396E-01 9.76949E-01 2.77382E+00
 1.16145E+01 6.37989E-01 8.07455E-01 9.77020E-01 2.78985E+00
 1.17490E+01 6.38034E-01 8.07512E-01 9.77090E-01 2.80551E+00
 1.18850E+01 6.38078E-01 8.07568E-01 9.77157E-01 2.82099E+00
 1.20226E+01 6.38122E-01 8.07623E-01 9.77224E-01 2.83627E+00
 1.21619E+01 6.38164E-01 8.07676E-01 9.77288E-01 2.85117E+00
 1.23027E+01 6.38205E-01 8.07729E-01 9.77352E-01 2.86596E+00
 1.24451E+01 6.38246E-01 8.07780E-01 9.77414E-01 2.88044E+00
 1.25893E+01 6.38285E-01 8.07830E-01 9.77474E-01 2.89452E+00
 1.27350E+01 6.38324E-01 8.07879E-01 9.77533E-01 2.90855E+00
 1.28825E+01 6.38362E-01 8.07927E-01 9.77591E-01 2.92218E+00
 1.30317E+01 6.38399E-01 8.07973E-01 9.77648E-01 2.93544E+00
 1.31826E+01 6.38435E-01 8.08019E-01 9.77703E-01 2.94860E+00
 1.33352E+01 6.38470E-01 8.08064E-01 9.77757E-01 2.96133E+00
 1.34896E+01 6.38505E-01 8.08108E-01 9.77810E-01 2.97374E+00
 1.36458E+01 6.38538E-01 8.08150E-01 9.77862E-01 2.98596E+00
 1.38038E+01 6.38571E-01 8.08192E-01 9.77912E-01 2.99774E+00
 1.39637E+01 6.38604E-01 8.08233E-01 9.77962E-01 3.00924E+00
 1.41254E+01 6.38635E-01 8.08273E-01 9.78010E-01 3.02048E+00
 1.42889E+01 6.38666E-01 8.08312E-01 9.78057E-01 3.03126E+00
 1.44544E+01 6.38696E-01 8.08350E-01 9.78103E-01 3.04180E+00
 1.46218E+01 6.38725E-01 8.08387E-01 9.78148E-01 3.05202E+00
 1.47911E+01 6.38754E-01 8.08423E-01 9.78192E-01 3.06176E+00
 1.49624E+01 6.38782E-01 8.08459E-01 9.78235E-01 3.07128E+00
 1.51356E+01 6.38810E-01 8.08494E-01 9.78277E-01 3.08044E+00
 1.53109E+01 6.38837E-01 8.08528E-01 9.78319E-01 3.08911E+00
 1.54882E+01 6.38863E-01 8.08561E-01 9.78359E-01 3.09756E+00
 1.56675E+01 6.38889E-01 8.08594E-01 9.78398E-01 3.10562E+00
 1.58489E+01 6.38914E-01 8.08625E-01 9.78437E-01 3.11319E+00
 1.60325E+01 6.38938E-01 8.08656E-01 9.78474E-01 3.12052E+00
 1.62181E+01 6.38962E-01 8.08687E-01 9.78511E-01 3.12746E+00
 1.64059E+01 6.38986E-01 8.08716E-01 9.78547E-01 3.13390E+00
 1.65959E+01 6.39009E-01 8.08745E-01 9.78582E-01 3.14007E+00
 1.67880E+01 6.39031E-01 8.08774E-01 9.78616E-01 3.14586E+00
 1.69824E+01 6.39053E-01 8.08801E-01 9.78650E-01 3.15113E+00
 1.71791E+01 6.39074E-01 8.08829E-01 9.78683E-01 3.15611E+00
 1.73780E+01 6.39095E-01 8.08855E-01 9.78715E-01 3.16072E+00
 1.75792E+01 6.39116E-01 8.08881E-01 9.78746E-01 3.16482E+00
 1.77828E+01 6.39136E-01 8.08906E-01 9.78777E-01 3.16856E+00
 1.79887E+01 6.39155E-01 8.08931E-01 9.78806E-01 3.17198E+00
 1.81970E+01 6.39174E-01 8.08955E-01 9.78836E-01 3.17489E+00
 1.84077E+01 6.39193E-01 8.08979E-01 9.78864E-01 3.17736E+00
 1.86209E+01 6.39211E-01 8.09002E-01 9.78892E-01 3.17959E+00
 1.88365E+01 6.39229E-01 8.09024E-01 9.78920E-01 3.18130E+00
 1.90546E+01 6.39247E-01 8.09046E-01 9.78946E-01 3.18249E+00
 1.92752E+01 6.39264E-01 8.09068E-01 9.78972E-01 3.18349E+00
 1.94984E+01 6.39280E-01 8.09089E-01 9.78998E-01 3.18400E+00
 1.97242E+01 6.39297E-01 8.09110E-01 9.79023E-01 3.18399E+00
 1.99526E+01 6.39312E-01 8.09130E-01 9.79047E-01 3.18366E+00
 2.01837E+01 6.39328E-01 8.09150E-01 9.79071E-01 3.18297E+00
 2.04174E+01 6.39343E-01 8.09169E-01 9.79094E-01 3.18177E+00
 2.06538E+01 6.39358E-01 8.09188E-01 9.79117E-01 3.18009E+00
 2.08930E+01 6.39373E-01 8.09206E-01 9.79139E-01 3.17820E+00
 2.11349E+01 6.39387E-01 8.09224E-01 9.79161E-01 3.17582E+00
 2.13796E+01 6.39401E-01 8.09242E-01 9.79182E-01 3.17294E+00
 2.16272E+01 6.39414E-01 8.09259E-01 9.79203E-01 3.16971E+00
 2.18776E+01 6.39428E-01 8.09275E-01 9.79223E-01 3.16615E+00
 2.21309E+01 6.39441E-01 8.09292E-01 9.79243E-01 3.16211E+00
 2.23872E+01 6.39453E-01 8.09308E-01 9.79263E-01 3.15758E+00
 2.26464E+01 6.39466E-01 8.09324E-01 9.79282E-01 3.15280E+00
 2.29087E+01 6.39478E-01 8.09339E-01 9.79300E-01 3.14761E+00
 2.31739E+01 6.39489E-01 8.09354E-01 9.79318E-01 3.14195E+00
 2.34423E+01 6.39501E-01 8.09369E-01 9.79336E-01 3.13582E+00
 2.37137E+01 6.39512E-01 8.09383E-01 9.79353E-01 3.12950E+00
 2.39883E+01 6.39523E-01 8.09397E-01 9.79370E-01 3.12273E+00
 2.42661E+01 6.39534E-01 8.09410E-01 9.79387E-01 3.11551E+00
 2.45471E+01 6.39545E-01 8.09424E-01 9.79403E-01 3.10785E+00
 2.48313E+01 6.39555E-01 8.09437E-01 9.79419E-01 3.09999E+00
 2.51189E+01 6.39565E-01 8.09450E-01 9.79434E-01 3.09171E+00
 2.54097E+01 6.39575E-01 8.09462E-01 9.79449E-01 3.08300E+00
 2.57040E+01 6.39585E-01 8.09474E-01 9.79464E-01 3.07387E+00
 2.60016E+01 6.39594E-01 8.09486E-01 9.79478E-01 3.06450E+00
 2.63027E+01 6.39603E-01 8.09498E-01 9.79492E-01 3.05479E+00
 2.66073E+01 6.39612E-01 8.09509E-01 9.79506E-01 3.04467E+00
 2.69153E+01 6.39621E-01 8.09520E-01 9.79520E-01 3.03415E+00
 2.72270E+01 6.39630E-01 8.09531E-01 9.79533E-01 3.02330E+00
 2.75423E+01 6.39638E-01 8.09542E-01 9.79546E-01 3.01223E+00
 2.78612E+01 6.39646E-01 8.09552E-01 9.79558E-01 3.00078E+00
 2.81838E+01 6.39654E-01 8.09562E-01 9.79570E-01 2.98896E+00
 2.85102E+01 6.39662E-01 8.09572E-01 9.79582E-01 2.97678E+00
 2.88403E+01 6.39670E-01 8.09582E-01 9.79594E-01 2.96435E+00
 2.91743E+01 6.39677E-01 8.09591E-01 9.79606E-01 2.95167E+00
 2.95121E+01 6.39685E-01 8.09601E-01 9.79617E-01 2.93864E+00
 2.98538E+01 6.39692E-01 8.09610E-01 9.79628E-01 2.92528E+00
 3.01995E+01 6.39699E-01 8.09619E-01 9.79639E-01 2.91159E+00
 3.05492E+01 6.39705E-01 8.09627E-01 9.79649E-01 2.89765E+00
 3.09030E+01 6.39712E-01 8.09636E-01 9.79659E-01 2.88352E+00
 3.12608E+01 6.39719E-01 8.09644E-01 9.79669E-01 2.86908E+00
 3.16228E+01 6.39725E-01 8.09652E-01 9.79679E-01 2.85434E+00
 3.19890E+01 6.39731E-01 8.09660E-01 9.79689E-01 2.83931E+00
 3.23594E+01 6.39737E-01 8.09668E-01 9.79698E-01 2.82400E+00
 3.27341E+01 6.39743E-01 8.09675E-01 9.79707E-01 2.80855E+00
 3.31131E+01 6.39749E-01 8.09683E-01 9.79716E-01 2.79286E+00
 3.34965E+01 6.39755E-01 8.09690E-01 9.79725E-01 2.77692E+00
 3.38844E+01 6.39760E-01 8.09697E-01 9.79733E-01 2.76072E+00
 3.42768E+01 6.39766E-01 8.09704E-01 9.79741E-01 2.74428E+00
 3.46737E+01 6.39771E-01 8.09710E-01 9.79750E-01 2.72760E+00
 3.50752E+01 6.39776E-01 8.09717E-01 9.79758E-01 2.71077E+00
 3.54813E+01 6.39781E-01 8.09723E-01 9.79765E-01 2.69379E+00
 3.58922E+01 6.39786E-01 8.09730E-01 9.79773E-01 2.67660E+00
 3.63078E+01 6.39791E-01 8.09736E-01 9.79780E-01 2.65920E+00
 3.67282E+01 6.39796E-01 8.09742E-01 9.79788E-01 2.64160E+00
 3.71535E+01 6.39801E-01 8.09748E-01 9.79795E-01 2.62382E+00
 3.75837E+01 6.39805E-01 8.09753E-01 9.79802E-01 2.60585E+00
 3.80189E+01 6.39810E-01 8.09759E-01 9.79808E-01 2.58775E+00
 3.84592E+01 6.39814E-01 8.09764E-01 9.79815E-01 2.56956E+00
 3.89045E+01 6.39818E-01 8.09770E-01 9.79821E-01 2.55121E+00
 3.93550E+01 6.39822E-01 8.09775E-01 9.79828E-01 2.53271E+00
 3.98107E+01 6.39826E-01 8.09780E-01 9.79834E-01 2.51406E+00
 4.02717E+01 6.39830E-01 8.09785E-01 9.79840E-01 2.49528E+00
 4.07380E+01 6.39834E-01 8.09790E-01 9.79846E-01 2.47636E+00
 4.12098E+01 6.39838E-01 8.09795E-01 9.79852E-01 2.45733E+00
 4.16869E+01 6.39842E-01 8.09799E-01 9.79857E-01 2.43818E+00
 4.21697E+01 6.39845E-01 8.09804E-01 9.79863E-01 2.41896E+00
 4.26580E+01 6.39849E-01 8.09808E-01 9.79868E-01 2.39969E+00
 4.31519E+01 6.39852E-01 8.09813E-01 9.79873E-01 2.38032E+00
 4.36516E+01 6.39855E-01 8.09817E-01 9.79879E-01 2.36087E+00
 4.41570E+01 6.39859E-01 8.09821E-01 9.79884E-01 2.34133E+00
 4.46684E+01 6.39862E-01 8.09825E-01 9.79889E-01 2.32171E+00
 4.51856E+01 6.39865E-01 8.09829E-01 9.79893E-01 2.30202E+00
 4.57088E+01 6.39868E-01 8.09833E-01 9.79898E-01 2.28228E+00
 4.62381E+01 6.39871E-01 8.09837E-01 9.79903E-01 2.26247E+00
 4.67735E+01 6.39874E-01 8.09841E-01 9.79907E-01 2.24262E+00
 4.73151E+01 6.39877E-01 8.09844E-01 9.79911E-01 2.22273E+00
 4.78630E+01 6.39880E-01 8.09848E-01 9.79916E-01 2.20279E+00
 4.84172E+01 6.39882E-01 8.09851E-01 9.79920E-01 2.18284E+00
 4.89779E+01 6.39885E-01 8.09855E-01 9.79924E-01 2.16290E+00
 4.95450E+01 6.39888E-01 8.09858E-01 9.79928E-01 2.14294E+00
 5.01187E+01 6.39890E-01 8.09861E-01 9.79932E-01 2.12296E+00
 5.06991E+01 6.39893E-01 8.09864E-01 9.79936E-01 2.10297E+00
 5.12861E+01 6.39895E-01 8.09867E-01 9.79939E-01 2.08297E+00
 5.18800E+01 6.39898E-01 8.09870E-01 9.79943E-01 2.06298E+00
 5.24807E+01 6.39900E-01 8.09873E-01 9.79947E-01 2.04298E+00
 5.30884E+01 6.39902E-01 8.09876E-01 9.79950E-01 2.02300E+00
 5.37032E+01 6.39904E-01 8.09879E-01 9.79954E-01 2.00303E+00
 5.43250E+01 6.39907E-01 8.09882E-01 9.79957E-01 1.98308E+00
 5.49541E+01 6.39909E-01 8.09884E-01 9.79960E-01 1.96315E+00
 5.55904E+01 6.39911E-01 8.09887E-01 9.79963E-01 1.94325E+00
 5.62341E+01 6.39913E-01 8.09890E-01 9.79966E-01 1.92338E+00
 5.68853E+01 6.39915E-01 8.09892E-01 9.79969E-01 1.90355E+00
 5.75440E+01 6.39917E-01 8.09895E-01 9.79972E-01 1.88376E+00
 5.82103E+01 6.39919E-01 8.09897E-01 9.79975E-01 1.86402E+00
 5.88844E+01 6.39920E-01 8.09899E-01 9.79978E-01 1.84432E+00
 5.95662E+01 6.39922E-01 8.09902E-01 9.79981E-01 1.82467E+00
 6.02560E+01 6.39924E-01 8.09904E-01 9.79984E-01 1.80508E+00
 6.09537E+01 6.39926E-01 8.09906E-01 9.79986E-01 1.78555E+00
 6.16595E+01 6.39927E-01 8.09908E-01 9.79989E-01 1.76608E+00
 6.23735E+01 6.39929E-01 8.09910E-01 9.79991E-01 1.74668E+00
 6.30957E+01 6.39931E-01 8.09912E-01 9.79994E-01 1.72735E+00
 6.38263E+01 6.39932E-01 8.09914E-01 9.79996E-01 1.70809E+00
 6.45654E+01 6.39934E-01 8.09916E-01 9.79999E-01 1.68890E+00
 6.53131E+01 6.39935E-01 8.09918E-01 9.80001E-01 1.66979E+00
 6.60693E+01 6.39937E-01 8.09920E-01 9.80003E-01 1.65076E+00
 6.68344E+01 6.39938E-01 8.09922E-01 9.80005E-01 1.63181E+00
 6.76083E+01 6.39940E-01 8.09924E-01 9.80008E-01 1.61295E+00
 6.83912E+01 6.39941E-01 8.09925E-01 9.80010E-01 1.59418E+00
 6.91831E+01 6.39942E-01 8.09927E-01 9.80012E-01 1.57549E+00
 6.99842E+01 6.39944E-01 8.09929E-01 9.80014E-01 1.55690E+00
 7.07946E+01 6.39945E-01 8.09930E-01 9.80016E-01 1.53840E+00
 7.16143E+01 6.39946E-01 8.09932E-01 9.80018E-01 1.52000E+00
 7.24436E+01 6.39947E-01 8.09933E-01 9.80019E-01 1.50170E+00
 7.32825E+01 6.39949E-01 8.09935E-01 9.80021E-01 1.48349E+00
 7.41310E+01 6.39950E-01 8.09936E-01 9.80023E-01 1.46539E+00
 7.49894E+01 6.39951E-01 8.09938E-01 9.80025E-01 1.44739E+00
 7.58578E+01 6.39952E-01 8.09939E-01 9.80027E-01 1.42950E+00
 7.67361E+01 6.39953E-01 8.09941E-01 9.80028E-01 1.41171E+00
 7.76247E+01 6.39954E-01 8.09942E-01 9.80030E-01 1.39403E+00
 7.85236E+01 6.39955E-01 8.09943E-01 9.80031E-01 1.37646E+00
 7.94328E+01 6.39956E-01 8.09945E-01 9.80033E-01 1.35900E+00
 8.03526E+01 6.39957E-01 8.09946E-01 9.80034E-01 1.34166E+00
 8.12831E+01 6.39958E-01 8.09947E-01 9.80036E-01 1.32442E+00
 8.22243E+01 6.39959E-01 8.09948E-01 9.80037E-01 1.30732E+00
 8.31764E+01 6.39960E-01 8.09949E-01 9.80039E-01 1.29035E+00
 8.41395E+01 6.39961E-01 8.09951E-01 9.80040E-01 1.27349E+00
 8.51138E+01 6.39962E-01 8.09952E-01 9.80042E-01 1.25675E+00
 8.60994E+01 6.39963E-01 8.09953E-01 9.80043E-01 1.24012E+00
 8.70964E+01 6.39964E-01 8.09954E-01 9.80044E-01 1.22362E+00
 8.81049E+01 6.39964E-01 8.09955E-01 9.80046E-01 1.20723E+00
 8.91251E+01 6.39965E-01 8.09956E-01 9.80047E-01 1.19097E+00
 9.01571E+01 6.39966E-01 8.09957E-01 9.80048E-01 1.17482E+00
 9.12011E+01 6.39967E-01 8.09958E-01 9.80049E-01 1.15879E+00
 9.22571E+01 6.39968E-01 8.09959E-01 9.80050E-01 1.14289E+00
 9.33254E+01 6.39968E-01 8.09960E-01 9.80051E-01 1.12710E+00
 9.44061E+01 6.39969E-01 8.09961E-01 9.80053E-01 1.11144E+00
 9.54993E+01 6.39970E-01 8.09962E-01 9.80054E-01 1.09593E+00
 9.66051E+01 6.39970E-01 8.09963E-01 9.80055E-01 1.08055E+00
 9.77237E+01 6.39971E-01 8.09963E-01 9.80056E-01 1.06530E+00
 9.88553E+01 6.39972E-01 8.09964E-01 9.80057E-01 1.05017E+00
 1.00000E+02 6.39972E-01 8.09965E-01 9.80058E-01 1.03516E+00
